# This file may be used to create an environment using:
# $ conda create --name <env> --file <this file>
# platform: win-64
asttokens=3.0.0=pypi_0
bzip2=1.0.8=h2bbff1b_6
ca-certificates=2025.1.31=h56e8100_0
colorama=0.4.6=pypi_0
decorator=5.1.1=pypi_0
exceptiongroup=1.2.2=pypi_0
executing=2.1.0=pypi_0
expat=2.6.4=h8ddb27b_0
ipython=8.31.0=pypi_0
jedi=0.19.2=pypi_0
jinja2=3.1.5=pypi_0
jsonpickle=4.0.1=pypi_0
libffi=3.4.4=hd77b12b_1
liblzma=5.6.3=h2466b09_1
libsqlite=3.48.0=h67fdade_0
libzlib=1.3.1=h2466b09_2
markupsafe=3.0.2=pypi_0
matplotlib-inline=0.1.7=pypi_0
networkx=3.4.2=pypi_0
numpy=2.2.2=pypi_0
openssl=3.4.0=ha4e3fda_1
pandas=2.2.3=pypi_0
parso=0.8.4=pypi_0
pip=24.3.1=pyh8b19718_2
prompt-toolkit=3.0.48=pypi_0
pure-eval=0.2.3=pypi_0
pygments=2.19.1=pypi_0
python=3.10.16=h37870fc_1_cpython
python-dateutil=2.9.0.post0=pypi_0
pytz=2024.2=pypi_0
pyvis=0.3.2=pypi_0
setuptools=75.8.0=pyhff2d567_0
six=1.17.0=pypi_0
sqlite=3.45.3=h2bbff1b_0
stack-data=0.6.3=pypi_0
termcolor=2.5.0=pyhd8ed1ab_1
tk=8.6.13=h5226925_1
traitlets=5.14.3=pypi_0
typing-extensions=4.12.2=pypi_0
tzdata=2024.2=pypi_0
ucrt=10.0.22621.0=h57928b3_1
vc=14.40=haa95532_2
vc14_runtime=14.42.34433=he29a5d6_23
vs2015_runtime=14.42.34433=hdffcdeb_23
wcwidth=0.2.13=pypi_0
wheel=0.45.1=pyhd8ed1ab_1
xz=5.4.6=h8cc25b3_1
zlib=1.3.1=h2466b09_2
